8 19 00 00 0 0
6 06 00 00 0 0
2 44 00 00 0 0
4 00 00 00 0 0
2 01 02 00 0 0
1 11 00 00 2 5
耕　紫　　
爽推　展為．　　　
Ａー１３３・Ｚー１６５！
2 11 02 00 0 0
1 01 00 00 1 4
備朝欠　
疹！　
3 00 02 00 0 0
5 00 00 00 0 0
4 00 00 00 0 0
1 15 00 00 1 4
茨　左宜煽　　　
神神！　
1 16 00 00 1 4
茨　左宜煽　　　
覗稽塘鎮坦！　　　　　
1 02 00 00 1 4
備朝欠　
閤焼虞！　　
2 49 02 00 0 0
5 00 00 00 0 0
7 00 00 00 0 0
6 06 00 00 0 0
2 02 02 00 0 0
2 47 00 00 0 0
8 00 00 00 0 0
4 00 00 00 0 0
8 31 00 00 0 0
8 31 00 00 0 0
8 31 00 00 0 0
2 49 01 00 0 0
2 50 01 00 0 0
2 49 01 00 0 0
2 50 01 00 0 0
2 49 01 00 0 0
2 50 01 00 0 0
2 49 01 00 0 0
2 50 01 00 0 0
2 49 01 00 0 0
2 50 01 00 0 0
2 35 02 00 0 0
2 15 00 00 0 0
8 31 00 00 0 0
3 00 00 00 0 0
3 00 02 00 0 0
1 16 00 00 1 4
茨　左宜煽　　　
酔神神神焼焼焼焼焼粧！！
5 00 00 00 0 0
7 00 00 00 0 0
8 09 00 00 0 0
6 05 00 00 0 0
4 00 00 00 0 0
1 01 00 00 2 6
備朝欠　
什鎮１拭辞　季展１稽．績巷　刃戟．
走榎採斗　瑛発廃陥．　
1 11 00 00 1 6
耕　紫　　
焼焼……．食奄澗，季展１．溌昔……．　
5 00 00 00 0 0
7 00 00 00 0 0
6 07 00 00 0 0
8 19 00 00 0 0
4 00 00 00 0 0
1 04 00 00 1 5
植室宜４９７０　　
戚薦採斗亜　毘級畏浦推……．
1 09 00 00 1 5
崎軒展戚７０１８
誓？
1 04 00 00 3 6
植室宜４９７０　　
戚　精馬域幻　背亀，左宜　適掘什税　
奄疑　推歯亜　探　敗企　戚雌　赤聖　
依脊艦陥．
1 09 00 00 3 6
崎軒展戚７０１８
益係走．馬走幻　葛掘稽　戚幻鏑聖　背　　
蛎走．庚鉢税　毘聖　肱聖　呪鉱拭
蒸畏浦……．　
5 00 00 00 0 0
7 00 00 00 0 0
6 05 00 00 0 0
4 00 00 00 0 0
1 23 00 00 1 4
走蟹　凪稽蟹　　
嬢辞　人，追戚……．　　
1 20 00 00 1 4
追　戚　
走蟹！　
1 23 00 00 1 4
走蟹　凪稽蟹　　
蝕獣　肯五戚　松拭意　公　雁馬革．　　　
1 20 00 00 1 4
追　戚　
益軍，嬢胸惟　拝　暗醤？　　
1 23 00 00 2 5
走蟹　凪稽蟹　　
走姥拭　亜檎，精盗拝掘．　　
陥獣　焼牽郊戚闘虞亀　拝　暗醤．
1 20 00 00 3 7
追　戚　
蟹稽識　焼襲革．走蟹税　葛掘研　公　笈澗
闇．戚薦　走姥澗　差姥稽　毘級　砺艦．
乞砧級　原製税　獄得鯉戚　琶推拝　暗醤．
1 23 00 00 1 4
走蟹　凪稽蟹　　
……舛源？　追戚亜　焼襲陥壱……？
1 20 00 00 1 4
追　戚　
益掘．遭宿戚醤．
1 23 00 00 2 5
走蟹　凪稽蟹　　
疏焼，益軍　精盗澗　尻奄！
蹟走　原，走榎　廃　源！
1 20 00 00 1 4
追　戚　
益掘．鉦紗拝惟．　
5 00 00 00 0 0
7 00 00 00 0 0
6 09 00 00 0 0
4 00 00 00 0 0
1 06 00 00 1 5
鍵　肯五戚　　
備朝欠！　耕照背　備朝欠．二幻　晦弾革．
1 01 00 00 2 5
備朝欠　
壱原趨，肯五戚．　　
幾歳拭　詞焼害紹嬢．　
1 08 00 00 2 6
越稽忽　敗舌　
雁重　幾歳拭，原滴稽什，焼艦　昔嫌亜　
姥据閤紹陥．漠径拭　姶紫廃陥．
1 06 00 00 1 4
鍵　肯五戚　　
益訓……．蟹澗……．　
1 06 00 00 3 6
鍵　肯五戚　　
備朝欠．葛掘研　誇蓄走　省聖　暗醤．
蒋生稽亀　域紗　葛掘拝　暗醤．
乞砧研　是背．　
1 11 00 00 1 4
耕　紫　　
葛掘研　社掻備　背推．　　　
1 01 00 00 1 4
備朝欠　
肯五戚……．　
1 06 00 00 1 5
鍵　肯五戚　　
……戚薦　亜醤　背．益軍，備朝欠！　
1 01 00 00 1 4
備朝欠　
…………．
1 11 00 00 1 4
耕　紫　　
右諾焼？　舛源稽……．
1 01 00 00 2 5
備朝欠　
肯五戚澗　蟹　旭精　紫寓戚　　　　
細説焼　却　呪　蒸生艦猿……．
1 01 00 00 1 4
備朝欠　
益左陥，級軒走　省蟹推？　　
1 11 00 00 1 5
耕　紫　　
更亜？
1 01 00 00 1 7
備朝欠　
肯五戚税　葛掘亜…．
7 00 00 00 0 0
4 00 00 00 0 0
8 20 00 00 0 0
9 99 99 99 9 9
