8 19 00 00 0 0
2 23 01 00 0 0
2 44 00 00 0 0
4 00 00 00 0 0
2 01 02 00 0 0
1 11 00 00 2 5
耕　紫　　
爽推　展為．　　　
Ａー１３３・Ｚー１６５！
2 11 02 00 0 0
1 01 00 00 1 4
備朝欠　
疹！　
3 00 02 00 0 0
5 00 00 00 0 0
4 00 00 00 0 0
1 15 00 00 1 4
茨　左宜煽　　　
神神！　
1 16 00 00 1 4
茨　左宜煽　　　
覗稽塘鎮坦！　　　　　
1 02 00 00 1 4
備朝欠　
閤焼虞！　　
2 49 02 00 0 0
5 00 00 00 0 0
7 00 00 00 0 0
2 02 02 00 0 0
2 47 00 00 0 0
8 00 00 00 0 0
4 00 00 00 0 0
8 31 00 00 0 0
8 31 00 00 0 0
8 31 00 00 0 0
2 49 01 00 0 0
2 50 01 00 0 0
2 49 01 00 0 0
2 50 01 00 0 0
2 49 01 00 0 0
2 50 01 00 0 0
2 49 01 00 0 0
2 50 01 00 0 0
2 49 01 00 0 0
2 50 01 00 0 0
2 35 02 00 0 0
2 15 00 00 0 0
8 31 00 00 0 0
3 00 00 00 0 0
3 00 02 00 0 0
1 16 00 00 1 4
茨　左宜煽　　　
酔神神神焼焼焼焼焼粧！！
5 00 00 00 0 0
7 00 00 00 0 0
8 09 00 00 0 0
6 05 00 00 0 0
4 00 00 00 0 0
1 01 00 00 2 6
備朝欠　
什鎮１拭辞　季展１稽．績巷　刃戟．
走榎採斗　瑛発廃陥．　
1 11 00 00 1 6
耕　紫　　
焼焼……．食奄澗，季展１．溌昔……．　
5 00 00 00 0 0
8 19 00 00 0 0
7 00 00 00 0 0
6 05 00 00 0 0
2 55 00 00 0 0
4 00 00 00 0 0
1 23 00 00 1 4
走蟹　凪稽蟹　　
追戚！　追戚，詞焼　赤醸姥蟹！
1 20 00 00 1 4
追　戚　
焼焼，設　災君早嬢．版権梅嬢．　　
1 08 00 00 2 5
越稽忽　敗舌　
雁重　幾歳拭，原滴稽什，焼艦　昔嫌亜　
姥据閤紹陥．漠径拭　姶紫廃陥．
1 23 00 00 1 4
走蟹　凪稽蟹　　
益訓……．蟹澗……．　
1 23 00 00 2 5
走蟹　凪稽蟹　　
葛掘馬走　省畏陥澗　源，照　拝惟．　
蒋生稽亀　域紗　葛掘拝　暗醤．
1 20 00 00 1 5
追　戚　
設　菊陥．益　原製，蹟走　原虞．　
1 23 00 00 3 7
走蟹　凪稽蟹　　
誓！　戚薦　亜醤　背．蒋生稽亀　　
陥獣　葛掘背醤　馬艦猿．　　
益軍，暁　蟹掻拭！
1 20 00 00 1 6
追　戚　
拭妃．　　
1 25 00 00 1 5
巨　獄腔　　　　　
呪壱梅嬢．設　背蛎摂焼．　　　　　　
1 20 00 00 1 5
追　戚　
巨　掻是還亀　呪壱馬写柔艦陥．　
1 25 00 00 1 5
巨　獄腔　　　　　
雇短戚．益橿廃砺　暢濁廃　暗醤．
1 20 00 00 1 4
追　戚　
革，革．　
1 25 00 00 1 5
巨　獄腔　　　　　
蒋生稽　嬢胸惟　吃猿？　走姥澗．　　　　
1 20 00 00 2 6
追　戚　
走榎引　旭聖　位艦陥．紫寓戚　潅壱
原聖戚　持奄壱，害橿亜　衣肇馬壱．
1 20 00 00 2 7
追　戚　
焼戚亀　殿嬢蟹壱…．
……益訓　持唖　照級嬢推？　巨？
1 25 00 00 1 8
巨　獄腔　　　　　
…戚綜帖？
1 01 00 00 1 4
備朝欠　
食奄　赤浦．戚綜帖　掻是！
1 20 00 00 1 4
追　戚　
焼，戚帖倉，馬醤室　企是還．　
1 11 00 00 1 5
耕　紫　　
走蟹　松研　竺究背　操辞　姶紫球験艦陥．
1 20 00 00 2 6
追　戚　
益闇　誤敬戚醸生艦猿推．益軒壱……．
益橿亜　葛掘拝　暗虞壱　持唖梅柔艦陥．
1 20 00 00 3 7
追　戚　
煽澗　戚係惟　持唖杯艦陥．
葛掘研　夙嬢馬澗　切澗　
糎仙馬走　省澗陥壱……．　　　　
8 00 00 00 0 0
5 00 00 00 0 0
8 09 00 00 0 0
7 00 00 00 0 0
6 05 00 00 0 0
4 00 00 00 0 0
1 13 00 00 3 6
適稽巨焼　虞詞牽　　　
稲　走姥拭　鎧形逢艦陥．益　疑照　
獣肯級拭惟　葛掘背　爽偲醤　背推．
右諾生獣倉？　　
1 23 00 00 1 5
走蟹　凪稽蟹　　
革！　…………嬢虞？　
5 00 00 00 0 0
7 00 00 00 0 0
6 08 00 00 0 0
4 00 00 00 0 0
2 23 00 00 0 0
1 06 00 00 1 5
鍵　肯五戚　　
…………．
3 23 00 00 0 0
2 06 02 00 0 0
1 23 00 00 1 4
走蟹　凪稽蟹　　
耕，肯五戚　松！？　
3 06 02 00 0 0
2 23 00 00 0 0
1 06 00 00 1 6
鍵　肯五戚　　
煽亀…，旭戚　葛掘背亀　掬推？
3 23 00 00 0 0
2 06 02 00 0 0
1 23 00 00 1 5
走蟹　凪稽蟹　　
革，革色！　奄襖戚！！
8 21 00 00 0 0
9 99 99 99 9 9
