8 10 00 00 0 0
6 04 00 00 0 0
2 44 00 00 0 0
4 00 00 00 0 0
2 01 02 00 0 0
1 11 00 00 2 5
耕　紫　　
爽推　展為．　　　
Ａー１３３・Ｚー１６５！
2 11 02 00 0 0
1 01 00 00 1 4
備朝欠　
疹！　
3 00 02 00 0 0
5 00 00 00 0 0
4 00 00 00 0 0
1 15 00 00 1 4
茨　左宜煽　　　
神神！　
1 16 00 00 1 4
茨　左宜煽　　　
覗稽塘鎮坦！　　　　　
1 02 00 00 1 4
備朝欠　
閤焼虞！　　
2 49 02 00 0 0
5 00 00 00 0 0
7 00 00 00 0 0
2 02 02 00 0 0
2 47 00 00 0 0
8 00 00 00 0 0
4 00 00 00 0 0
8 31 00 00 0 0
8 31 00 00 0 0
8 31 00 00 0 0
2 49 01 00 0 0
2 50 01 00 0 0
2 49 01 00 0 0
2 50 01 00 0 0
2 49 01 00 0 0
2 50 01 00 0 0
2 49 01 00 0 0
2 50 01 00 0 0
2 49 01 00 0 0
2 50 01 00 0 0
2 35 02 00 0 0
2 15 00 00 0 0
8 31 00 00 0 0
3 00 00 00 0 0
3 00 02 00 0 0
1 16 00 00 1 4
茨　左宜煽　　　
酔神神神焼焼焼焼焼粧！！
5 00 00 00 0 0
7 00 00 00 0 0
8 09 00 00 0 0
6 05 00 00 0 0
4 00 00 00 0 0
1 01 00 00 2 6
備朝欠　
什鎮１拭辞　季展１稽．績巷　刃戟．
走榎採斗　瑛発廃陥．　
1 11 00 00 1 6
耕　紫　　
焼焼……．食奄澗，季展１．溌昔……．　
5 00 00 00 0 0
7 00 00 00 0 0
6 07 00 00 0 0
8 30 00 00 0 0
4 00 00 00 0 0
8 15 00 00 0 0
1 05 00 00 2 6
植室宜４９７０　　
左宜煽　唖馬税　敗識戚　督雨鞠醸柔艦陥．
嬢胸惟　馬獣畏柔艦猿？　
1 09 00 00 2 6
崎軒展戚７０１８
盗唖拝　呪鉱拭　蒸浦．“庚鉢”税　毘聖　
乗説焼挫嬢……．
1 04 00 00 1 5
植室宜４９７０　　
酔軒澗　瑚諺背獄軒澗　杏猿推？　　
1 09 00 00 2 6
崎軒展戚７０１８
乞牽畏陥．陥幻……．益級　覗稽塘鎮坦亜　
採郡陥．　　　　
1 04 00 00 1 4
植室宜４９７０　　
買？　採郡陥壱推？　
1 09 00 00 2 6
崎軒展戚７０１８
……幻鉦　酔軒亜　酔爽研　走壕拝　凶，　
酔軒澗　校　背醤　拝走　持唖背　挫蟹？
1 04 00 00 1 6
植室宜４９７０　　
…………．
8 00 00 00 0 0
5 00 00 00 0 0
7 00 00 00 0 0
6 05 00 00 0 0
8 03 00 00 0 0
4 00 00 00 0 0
1 11 00 00 1 5
耕　紫　　
左繕　殖遭，４腰，２３腰　社叔菊柔艦陥．
1 14 00 00 2 6
適稽巨焼　虞詞牽　　　
窒径戚　煽馬桔艦陥．　
戚企稽檎　走姥拭　蓄喰杯艦陥．　
1 08 00 00 1 5
越稽忽　敗舌　
聡獣　鐸建　殿室稽．　
1 11 00 00 1 5
耕　紫　　
穿　降徹軒　採企，聡獣　瑛発馬虞．　　　
1 01 00 00 1 4
備朝欠　
什鎮１，鐸敗　刃戟．
1 11 00 00 2 5
耕　紫　　
呪壱梅陥．戚薦　原滴稽什澗　鐸建　殿室研
昼背　走姥稽　鎧形娃陥．
1 01 00 00 2 6
備朝欠　
馬醤室　企是還，崎虞錘１精　瑛発梅柔艦
猿？　戚綜帖　掻是税　採企脊艦陥．
1 11 00 00 3 7
耕　紫　　
……焼送　瑛発馬走　省紹嬢．穿　採企税
呪遂精　企奄映　宜脊　穿猿走澗　　　　
嬢形趨．　
1 01 00 00 1 5
備朝欠　
巷舌　牌乞研　泳亀雌拭　砧檎　嬢恭猿推？
1 11 00 00 3 6
耕　紫　　
丞楕　乞砧　杷背亜　朕．……右諾焼．　
謝雌戚　旋陥檎　送羨　企奄映背　遭脊拝　
暗醤．　
8 00 00 00 0 0
5 00 00 00 0 0
7 00 00 00 0 0
2 48 01 00 0 0
4 00 00 00 0 0
8 17 00 00 0 0
1 06 00 00 1 4
鍵　肯五戚　　
級醸嬢？　戚薦　走姥拭　鎧形娃企！　　　
1 23 00 00 1 5
走蟹　凪稽蟹　　
誓．球巨嬢……宜焼紳　暗革．　　　
1 06 00 00 2 6
鍵　肯五戚　　
走姥澗　右諾聖猿……？
畳短貝　穿燈心生艦．
1 23 00 00 1 6
走蟹　凪稽蟹　　
乞砧……巷紫拝猿……．追戚亀……．　　
1 06 00 00 2 5
鍵　肯五戚　　
戚薦　稲　陥製　巷企醤．
数嬢．毘鎧切！　　
1 23 00 00 1 4
走蟹　凪稽蟹　　
革！　
5 00 00 00 0 0
7 00 00 00 0 0
6 10 00 00 0 0
4 00 00 00 0 0
2 54 02 00 0 0
1 20 00 00 1 6
追　戚　
生……食延……．舛重聖　籍醸醸蟹……．　
1 20 00 00 2 7
追　戚　
魁貝　杏猿……．　　
原滴稽什澗　巷紫拝猿……．
1 12 00 00 1 5
耕　紫　　
季展１拭辞　崎虞錘１生稽．……焼！！
1 20 00 00 2 7
追　戚　
食奄澗……崎虞錘１．詞焼　赤柔艦陥．
錠諺遭但戚走幻推……．　
1 12 00 00 3 7
耕　紫　　
嬢辞　瑛発馬室推．　　　
原滴稽什澗　企奄映拭　宜脊馬澗
朝錘闘陥錘戚　獣拙菊柔艦陥！　
1 20 00 00 3 7
追　戚　
馬走幻……倖戚　照　崇送脊艦陥．
胡煽　亜室推．稲　魚虞亜畏柔艦陥．　
奄端澗　巷紫杯艦陥．　　
1 11 00 00 1 4
耕　紫　　
益　雌坦稽澗……．　　
1 20 00 00 2 6
追　戚　
食奄識　疎妊研　限窒　呪　蒸柔艦陥…．
節獣　習陥亜　亜為柔艦陥．
1 11 00 00 2 6
耕　紫　　
硝畏柔艦陥．舘偽生稽　企奄映　宜脊聖　
叔楳馬室推．巷紫馬獣掩　索艦陥．　
8 21 00 00 0 0
1 20 00 00 1 5
追　戚　
崎虞錘１……溌昔……．　
1 20 00 00 2 6
追　戚　
……走蟹税　葛掘陥……．薦企稽　採牽壱
赤摂焼……．　　
1 20 00 00 1 5
追　戚　
耕照……鉦紗，走迭　呪　蒸畏嬢．　　
5 00 00 00 0 0
7 00 00 00 0 0
6 10 00 00 0 0
4 00 00 00 0 0
1 13 00 00 1 5
適稽巨焼　虞詞牽　　　
３……２……１，宜脊杯艦陥．
1 08 00 00 1 4
越稽忽　敗舌　
識端澗　右諾精亜…？
1 14 00 00 2 6
適稽巨焼　虞詞牽　　　
是蝿杯艦陥．　　
鐸建　獣　中維戚　酔形桔艦陥．　　
1 11 00 00 1 5
耕　紫　　
懐啄馬革……．走姥亜　戚係惟蟹……．　
2 42 00 00 0 0
1 08 00 00 1 5
越稽忽　敗舌　
…………．
5 00 00 00 0 0
3 00 00 00 0 0
2 55 02 00 0 0
4 00 00 00 0 0
1 26 00 00 1 5
奄戚帖　　　
嬢戚……．
1 01 00 00 2 5
備朝欠　
社敬還！　　
照舛聖　昼馬偲醤　杯艦陥……！
1 26 00 00 1 5
奄戚帖　　　
戚綜帖　掻是澗　巷紫廃亜……？
1 01 00 00 2 6
備朝欠　
岨　穿拭　尻喰梅柔艦陥．
送羨　走姥稽　鎧形臣　位艦陥．
1 26 00 00 2 7
奄戚帖　　　
ＶＦーＸ３莫精，刃穿　酔爽　穿燈遂戚虞
企奄映　鎧　錘遂　管径精　蒸陥……．
1 02 00 00 1 5
備朝欠　
竺原！　益訓……！　　
1 26 00 00 1 6
奄戚帖　　　
益　橿汐亀……硝壱　赤醸聖　度汽……．　
5 00 00 00 0 0
7 00 00 00 0 0
2 54 02 00 0 0
4 00 00 00 0 0
8 00 00 00 0 0
8 14 00 00 0 0
1 20 00 00 2 6
追　戚　
走蟹税　葛掘社軒亜　級軒走　省澗浦……．
企奄映　照生稽　宜脊廃　乞丞戚革……．　
2 24 00 00 0 0
1 20 00 00 2 5
追　戚　
巨　掻是，原滴稽什澗　巷紫背推．
暢濁背　爽獣畏走……．　
2 25 00 00 0 0
1 20 00 00 1 7
追　戚　
…………巨．　　
8 13 00 00 0 0
9 99 99 99 9 9
