[
0  0  1 12  1 1   0   0
FM01
  50  100   75   25    0    0
 150   50  100    0
 1  1  1  2  3  4
31
 17   8   8  50   1   0   0   0   5   0 
99  0  0  0  0 
 0 
  1  -2  -2  12  80   0   0   7   2   0 
36  4  2  2  0 
 0 
  1  -2  -2  12  70   0   0   7   3   0 
36  4  2  2  0 
 0 
  1  -2  -2  12  40   0   0   7   8   0 
36  4  2  2  0 
 0 
  1   0   0   0  20   0   0   0   9   0 
 0  0  0  0  0 
 0 
  6  -2  -2   3  10   0   0   7   0   0 
54  2  0  0  0 
 0 
  6   0   0   0   0   0   0   0   0   0 
 0  0  0  0  0 
 0 
  1  -2  -2  12  20   0   0   7  10   0 
36  4  2  2  0 
 0 
  1  -2  -2  12  20   0   0   7  11   0 
36  4  2  2  0 
 0 
  9  -2  -2  12   0   0   0   7  80   0 
18  3  2  0  0 
 0 
  9  -2  -2  12   0   0   0   7  80   0 
18  3  2  0  0 
 0 
  4  -4  -4   0  99   0   0   0   6   0 
 0  0  0  0  0 
 0 
  4  -4  -4   0  99   0   0   0  18   0 
 0  0  0  0  0 
 0 
 12  -2  -2   8  20   0   6   7   0   0 
10  5  0  0  0 
 0 
 12  -2  -2   8  20   0   6   7   0   0 
10  5  0  0  0 
 0 
 15  -3  -3   1   0   0   0   0   0   0 
 0  0  0  0  0 
 0 
 15  -3  -3   1   0   0   0   0   0   0 
 0  0  0  0  0 
 0 
  1  -2  -2  12  40   0   6   7  15   0 
36  4  2  2  0 
 0 
  3  -4  -4   0  70   0   0   0   7   0 
 0  0  0  0  0 
 0 
 14  -2  -2   3  20   0   6   7  12   0 
 4  4  4  2  0 
 0 
 13  -2  -2   8  20   0   6   7  13   0 
16  2  2  1  0 
 0 
 11  -2  -2   8  20   0   6   7  14   0 
10  4  2  2  2 
 0 
 11  -2  -2   8  20   0   6   7   0   0 
10  4  2  2  2 
 0 
 11   0   0   0   0   0   0   0   0   0 
 0  0  0  0  0 
 0 
 12   0   0   0   0   0   0   0   0   0 
 0  0  0  0  0 
 0 
 10  -3  -3   1   0   0   0   0  80   0 
 0  0  0  0  0 
 0 
 10  -3  -3   1   0   0   0   0  80   0 
 0  0  0  0  0 
 0 
 16  -3  -3   1   0   0   0   0   0   0 
 0  0  0  0  0 
 0 
 16  -3  -3   1   0   0   0   0   0   0 
 0  0  0  0  0 
 0 
  7  -3  -3   1  50   0   0   0   0   0 
 0  0  0  0  0 
 0 
  8  -3  -3   1  50   0   0   0   0   0 
 0  0  0  0  0 
 0 
  0   0   0   0   0   0   0   0   0   0 
 0  0  0  0  0 
 0 
  0   0   0   0   0   0   0   0   0   0 
 0  0  0  0  0 
 0 
  0   0   0   0   0   0   0   0   0   0 
 0  0  0  0  0 
 0 
  0   0   0   0   0   0   0   0   0   0 
 0  0  0  0  0 
 0 
  0   0   0   0   0   0   0   0   0   0 
 0  0  0  0  0 
 0 
  0   0   0   0   0   0   0   0   0   0 
 0  0  0  0  0 
 0 
  0   0   0   0   0   0   0   0   0   0 
 0  0  0  0  0 
 0 
  0   0   0   0   0   0   0   0   0   0 
 0  0  0  0  0 
 0 
  0   0   0   0   0   0   0   0   0   0 
 0  0  0  0  0 
 0 
21
 11   5  27  55  22   0   0   0   0   0 
99  0  9  9  0 
 0 
  1  21   8  12  25   0   0   0   0   0 
74  5  2  2  0 
 0 
  1  22   7  12  25   0   0   0   0   0 
74  5  2  2  0 
 0 
  4  22   9   3  25   0   0   0   0   0 
78  4  0  0  0 
 0 
  1  24   6  12  25   0   0   0   0   0 
74  5  2  2  0 
 0 
  1  24  10  12  25   0   0   0   0   0 
74  5  2  2  0 
 0 
  1   2  26  12  26   0   0   0   0   0 
74  5  2  2  0 
 0 
  2   3  26  12  26   0   0   0   0   0 
70  5  2  0  3 
 0 
  3   4  26  12  26   0   0   0   0   0 
68  5  2  0  2 
 0 
  3   5  26  12  26   0   0   0   0   0 
68  5  2  0  2 
 0 
  2   6  26  12  25   0   0   0   0   0 
70  5  2  0  3 
 0 
  1   7  26  12  26   0   0   0   0   0 
74  5  2  2  0 
 0 
 11  57  47  55  10   0   0   0   0   0 
99  0  9  9  0 
 0 
 11  61  52  55  10   0   0   0   0   0 
99  0  9  9  0 
 0 
 11  55  54  55  20   0   0   0   0   0 
99  0  9  9  0 
 0 
 11  52  55  55  20   0   0   0   0   0 
99  0  9  9  0 
 0 
 10  55  56  70  40   0   0   0  19   0 
99  0  9  9  0 
 0 
 11  62  57  55  20   0   0   0   0   0 
99  0  9  9  0 
 0 
 11  59  59  55  20   0   0   0   0   0 
99  0  9  9  0 
 0 
 11  54  60  55  10   0   0   0   0   0 
99  0  9  9  0 
 0 
 11  55  62  55  10   0   0   0   0   0 
99  0  9  9  0 
 0 
  0   0   0   0   0   0   0   0   0   0 
 0  0  0  0  0 
 0 
  0   0   0   0   0   0   0   0   0   0 
 0  0  0  0  0 
 0 
  0   0   0   0   0   0   0   0   0   0 
 0  0  0  0  0 
 0 
  0   0   0   0   0   0   0   0   0   0 
 0  0  0  0  0 
 0 
  0   0   0   0   0   0   0   0   0   0 
 0  0  0  0  0 
 0 
  0   0   0   0   0   0   0   0   0   0 
 0  0  0  0  0 
 0 
  0   0   0   0   0   0   0   0   0   0 
 0  0  0  0  0 
 0 
  0   0   0   0   0   0   0   0   0   0 
 0  0  0  0  0 
 0 
  0   0   0   0   0   0   0   0   0   0 
 0  0  0  0  0 
 0 
  0   0   0   0   0   0   0   0   0   0 
 0  0  0  0  0 
 0 
  0   0   0   0   0   0   0   0   0   0 
 0  0  0  0  0 
 0 
  0   0   0   0   0   0   0   0   0   0 
 0  0  0  0  0 
 0 
  0   0   0   0   0   0   0   0   0   0 
 0  0  0  0  0 
 0 
  0   0   0   0   0   0   0   0   0   0 
 0  0  0  0  0 
 0 
  0   0   0   0   0   0   0   0   0   0 
 0  0  0  0  0 
 0 
  0   0   0   0   0   0   0   0   0   0 
 0  0  0  0  0 
 0 
  0   0   0   0   0   0   0   0   0   0 
 0  0  0  0  0 
 0 
  0   0   0   0   0   0   0   0   0   0 
 0  0  0  0  0 
 0 
  0   0   0   0   0   0   0   0   0   0 
 0  0  0  0  0 
 0 
 0  0  0 
 0  0  0 
 0  0  0 
 0  0  0 
 0  0  0 
 0  0  0 
 0  0  0 
 0  0  0 
 0  0  0 
 0  0  0 
 0  0  0 
 0  0  0 
 0  0  0 
 0  0  0 
 0  0  0 
 0  0  0 
 0  0  0 
 0  0  0 
 0  0  0 
 0  0  0 
 0  0  0 
 0  0  0 
 0  0  0 
 0  0  0 
 0  0  0 
 0  0  0 
 0  0  0 
 0  0  0 
 0  0  0 
 0  0  0 
 0  0  0 
 0  0  0 
 0  0  0 
 0  0  0 
 0  0  0 
 0  0  0 
 0  0  0 
 0  0  0 
 0  0  0 
 0  0  0 
 0  0  0 
 0  0  0 
 0  0  0 
 0  0  0 
 0  0  0 
 0  0  0 
 0  0  0 
 0  0  0 
 0  0  0 
 0  0  0 
 0  0  0 
 0  0  0 
 0  0  0 
 0  0  0 
 0  0  0 
 0  0  0 
 0  0  0 
 0  0  0 
 0  0  0 
 0  0  0 
 0  0  0 
 0  0  0 
 0  0  0 
 0  0  0 
 0  0  0 
 0  0  0 
 0  0  0 
 0  0  0 
 0  0  0 
 0  0  0 
 0  0  0 
 0  0  0 
 0  0  0 
 0  0  0 
 0  0  0 
 0  0  0 
 0  0  0 
 0  0  0 
 0  0  0 
 0  0  0 
 0  0  0 
 0  0  0 
 0  0  0 
 0  0  0 
 0  0  0 
 0  0  0 
 0  0  0 
 0  0  0 
 0  0  0 
 0  0  0 
 0  0  0 
 0  0  0 
 0  0  0 
 0  0  0 
 0  0  0 
 70   0   0  0 
 80   0   0  0 
 70   0   0  0 
 55   0   0  0 
 20   0   0  0 
 90   0   0  0 
 60   0   0  0 
 20   0   0  0 
 40   0   0  0 
 20   0   0  0 
 40   0   0  0 
 40   0   0  0 
 20   0   0  0 
 20   0   0  0 
 25   0   0  0 
 10   0   0  0 
 20   0   0  0 
 90   0   0  0 
 40   0   0  0 
 60   0   0  0 
 80   0   0  0 
 80   0   0  0 
ìãîtâY
  èYí¡
çËãÒêé
  êBëH
èƒì¯åm
  í∑íó
  î°ìH
î´ê ì¨
  ìŸîb
 ê≠åhA
 ê≠åhB
  åƒèY
çoå¨èƒ
  è…ì¬
çËãÒç∂
èƒìväv
èYì∆ìW
  âvåÆ
èYí¨å^
åÒèYìl
  ìˆèY
    íﬂ
ì∫ãÒäã
  ê ìl
  íLå¨
 ì–ìqA
 ì–ìqB
  èƒëı
  èSìl
å‹ãméá
éáê åZ
      
      
      
      
      
      
      
      
      
