   f @  @   MAP@^J@a   鉂 s ]
tY
19
 
ue[P ~O@ 
VF-1  
 05 35 65 12 03 01 00 020 06 075 0
energy   0  0  0  0  0  0 36 40 38 27
GUNPOD 50  2  2 70 75  3  4  4  0  4 00
20mmAAL 25  1  2 80 60  1  2  2  2  2 00
AAM     60  4  1 60 50  4  2  0  0  2 00
LAAM   70  5  1 40 25  5  0  0  2  1 00
 
Čы~O@@
VF-1am
 02 55 50 12 05 01 00 032 04 076 0
energy   0  0  0  0  0  0 12  6 18 18
GUNPOD 50  2  2 70 75  3  4  4  0  4 00
20mmAAL 25  1  2 80 60  1  2  2  2  2 00
GBPAAM 60  4  2 55 45  4  4  5  4  4 00
􌙓Y  75  3  2 35 30  5  2  3  2  0 00
 
S٥~O@@ 
VF-1s
 06 43 75 12 04 01 00 030 07 077 0
energy   0  0  0  0  0  0 52 40 54 40
GUNPOD 50  2  2 72 77  3  4  4  0  4 00
20mmAAL 25  1  2 82 62  1  2  2  2  2 00
AAM     60  4  1 65 55  4  4  6  4  4 00
LAAM   70  5  1 45 20  5  0  0  2  1 00
 
Strike~O@ 
VF-1st
 06 45 78 12 05 01 00 040 07 078 0
energy   0  0  0  0  0  0 52 40 60 42
GUNPOD 50  2  2 74 79  3  4  4  0  4 00
L  65  3  2 70 55  0  3  3  3  3 00
AAM     60  4  1 65 55  4  4  6  2  4 00
LAAM   70  5  1 45 20  5  0  0  2  1 00
 
Yqf~O@@
VF-1sp
 06 55 70 12 07 01 00 055 07 088 0
energy   0  0  0  0  0  0 55 55 50 65
35mmGUN 55  2  2 75 80  3  4  4  2  2 00
B  70  1  1 85 65  0  2  2  2  2 00
AAM     60  4  1 65 55  4  2  4  0  0 00
1.2tASM 85  6  1 45 20  5  2  0  4  2 00
 
CEb@@@
VE-1  
 06 45 85 03 10 07 00 050 12 079 0
energy   0  0  0  0  0  0 54 44 34 56
20mmAAL 25  1  2 80 80  1  2  2  2  0 00
AAM     60  4  1 55 70  4  0  1  2  0 00
not      0  0  0  0  0  0  0  0  0  0 00
not      0  0  0  0  0  0  0  0  0  0 00
 
VF-3 Hʊ 
VF-3  
 07 60 80 12 10 02 00 050 08 087 0
energy   0  0  0  0  0  0 60 70 50 55
B  85  5  2 75 45  0  4  2  4  2 00
24mmAAL 30  1  2 85 70  1  2  2  2  2 00
AAM     70  4  1 70 60  4  2  1  0  1 00
LAAM   80  6  1 40 25  5  0  0  2  1 00
 
VF-X4ua
VF-X4 
 07 50 95 12 12 02 00 050 08 086 0
energy   0  0  0  0  0  0 60 70 50 55
B  60  3  2 85 70  0  4  2  4  2 00
24mmAAL 30  1  2 95 75  1  2  2  2  2 00
AAM     70  4  1 70 65  4  2  1  0  1 00
LAAM   80  6  1 40 25  5  0  0  2  1 00
 
J ۉ Y
Ghost 
 04 25 35 12 01 03 00 006 05 080 0
energy   0  0  0  0  0  0 18 20 24 14
18mmAAL 20  1  2 70 50  2  3  5  3  3 00
SAAM   50  3  1 50 30  4  2  0  0  3 00
not      0  0  0  0  0  0  0  0  0  0 00
not      0  0  0  0  0  0  0  0  0  0 00
 
J ۉ YU
Ghost2
 05 35 55 12 02 03 00 009 06 089 0
energy   0  0  0  0  0  0 25 25 32 32
20mmAAL 30  1  2 75 75  2  3  5  3  0 00
SAAM   60  3  1 55 35  4  4  2  2  4 00
35mmGUN 45  2  1 70 55  3  3  0  0  3 00
not      0  0  0  0  0  0  0  0  0  0 00
 
MBR-04 H 
MBR-04
 01 60 25 08 03 04 00 010 02 081 0
energy   0  0  0  0  0  0 10 13 16 16
B  80  5  1 55 40  0  4  4  4  4 00
25mmGUN 50  2  2 65 65  3  2  2  4  0 00
mͥLh 65  3  2 45 25  5  2  2  0  3 00
SSAM   55  4  1 70 80  4  2  0  0  0 00
 
ADR-04 @@@ 
ADR-04
 01 55 25 08 03 04 00 010 04 083 0
energy   0  0  0  0  0  0 10 10 10 10
78mmAAG 55  4  2 70 70  1  5  5  5  5 00
not      0  0  0  0  0  0  0  0  0  0 00
not      0  0  0  0  0  0  0  0  0  0 00
not      0  0  0  0  0  0  0  0  0  0 00
 
MBR-07 YY 
MBR-07
 02 65 35 08 04 05 00 013 03 084 0
energy   0  0  0  0  0  0 16 19 13 10
32mmGUN 50  2  2 65 70  2  2  1  2  3 00
180mmGL 75  3  1 60 55  3  2  1  1  2 00
mͥLh 40  3  2 50 25  4  1  1  2  1 00
not      0  0  0  0  0  0  0  0  0  0 00
 
HWR-00 Yl@ 
HWR-00
 01 90 15 03 10 06 00 070 02 085 0
energy   0  0  0  0  0  0  4  6  8  9
400mmCn 80  9  3 35 15  0  4  4  4  3 00
mͥLh 60  6  4 45 30  5  4  2  2  1 00
LSAM   40  4  3 50 45  4  2  2  0  0 00
not      0  0  0  0  0  0  0  0  0  0 00
 
SDR-04 ƋHY@ 
SDR-04
 01 55 30 08 02 04 00 007 02 082 0
energy   0  0  0  0  0  0 10 10 10 10
SSAM   60  3  2 55 45  4  3  3  3  3 00
ULSL 20  4  1 80 80  1  2  2  2  2 00
not      0  0  0  0  0  0  0  0  0  0 00
not      0  0  0  0  0  0  0  0  0  0 00
 
LDR-04 Í@ 
LDR-04
 01 55 30 08 05 04 00 015 07 117 0
energy   0  0  0  0  0  0 10 10 10 10
LSAM   80  7  1 60 40  5  3  1  0  3 00
SSAM   60  3  1 55 45  4  1  3  5  0 00
40mmGUN 50  4  1 80 80  1  2  2  2  4 00
not      0  0  0  0  0  0  0  0  0  0 00
 
SDF-1HmY
SDF-1 
 00 75 01 50 01 09 00 050 04 119 0
energy   0  0  0  0  0  0 99 99 99 99
u    99  0  1  0  0  0  0  0  0  0 00
not      0  0  0  0  0  0  0  0  0  0 00
not      0  0  0  0  0  0  0  0  0  0 00
not      0  0  0  0  0  0  0  0  0  0 00
 
 ^@ 

 05 32 44 12 00 08 00 010 06 115 0
energy   0  0  0  0  0  0 80  0  0  0
u    60  2  1 65 50  0  8  0  0  0 00
̓    45  2  1 65 65  1  4  0  0  0 00
p    25  1  2 50 55  2  4  0  0  0 00
not      0  0  0  0  0  0  0  0  0  0 00
 
PEm@@@
P
 07 45 55 10 00 08 00 018 07 116 0
energy   0  0  0  0  0  0 80  0  0  0
  65  2  2 65 55  2  6  0  0  0 00
L܏Y  60  3  2 60 50  0  4  0  0  0 00
m(S) 55  4  1 55 45  4  6  0  0  0 00
not      0  0  0  0  0  0  0  0  0  0 00

G񋐁@Y@@
14
 
 ^@ 

 05 32 44 12 00 10 00 010 06 105 0
energy   0  0  0  0  0  0 74  0  0  0
u    60  2  1 65 50  0  5  0  0  0 00
̓    45  2  1 65 65  1  2  0  0  0 00
p    25  1  2 50 55  2  2  0  0  0 00
not      0  0  0  0  0  0  0  0  0  0 00
 
()k͐

 05 31 43 12 00 10 00 013 06 106 0
energy   0  0  0  0  0  0 70  0  0  0
u    60  2  1 65 50  0  5  0  0  0 00
̓    45  2  1 65 65  1  2  0  0  0 00
not      0  0  0  0  0  0  0  0  0  0 00
m(S) 60  4  1 50 35  4  3  0  0  0 00
 
()k͐

 04 31 40 12 00 10 00 015 06 107 0
energy   0  0  0  0  0  0 68  0  0  0
u    60  2  1 65 50  0  5  0  0  0 00
̓    45  2  1 65 65  1  2  0  0  0 00
not      0  0  0  0  0  0  0  0  0  0 00
m(M) 80  6  1 32 20  5  2  0  0  0 00
 
C ^@ 

 05 39 49 03 00 11 00 020 11 108 0
energy   0  0  0  0  0  0 78  0  0  0
p    40  1  2 75 65  2  4  0  0  0 00
not      0  0  0  0  0  0  0  0  0  0 00
not      0  0  0  0  0  0  0  0  0  0 00
not      0  0  0  0  0  0  0  0  0  0 00
 
[GE@@@
G
 06 50 50 10 00 10 00 018 07 109 0
energy   0  0  0  0  0  0 80  0  0  0
  70  4  1 60 45  0  4  0  0  0 00
Xےp  50  3  2 70 65  1  3  0  0  0 00
яd  55  2  2 75 50  3  4  0  0  0 00
􌙓Y  90  1  1 50 10  5  1  0  0  0 00
 
PEm@@@
P
 07 45 55 10 00 10 00 018 07 110 0
energy   0  0  0  0  0  0 80  0  0  0
  65  2  2 65 55  2  5  0  0  0 00
L܏Y  60  3  2 60 50  0  3  0  0  0 00
m(S) 55  4  1 55 45  4  4  0  0  0 00
not      0  0  0  0  0  0  0  0  0  0 00
 
 ^v񑖁@ 
v
 06 55 50 12 00 10 00 013 08 111 0
energy   0  0  0  0  0  0 70  0  0  0
u    65  2  1 75 60  1  5  0  0  0 00
p    35  1  2 65 65  2  3  0  0  0 00
ѓϓ  80  3  1 70 55  0  5  0  0  0 00
m(S) 50  4  1 60 50  4  3  0  0  0 00
 
PEm(M)@@@
P
 07 45 55 10 00 10 00 018 08 112 0
energy   0  0  0  0  0  0 80  0  0  0
  65  2  2 70 60  2  5  0  0  0 00
L܏Y  60  3  2 65 55  0  3  0  0  0 00
m(S) 55  4  1 60 50  4  3  0  0  0 00
not      0  0  0  0  0  0  0  0  0  0 00
 
ʒ  @
ʒI
 06 70 20 04 00 10 00 050 12 113 0
energy   0  0  0  0  0  0 90  0  0  0
    75  8  4 55 40  0  8  0  0  0 00
m(S) 40  3  4 60 60  4  6  0  0  0 00
not      0  0  0  0  0  0  0  0  0  0 00
not      0  0  0  0  0  0  0  0  0  0 00
 
`Ex͏Y}@
s  
 00 80 01 70 00 12 00 080 15 119 0
energy   0  0  0  0  0  0 99  0  0  0
u    99  0  0  0  0  0  0  0  0  0 00
  90  4  3 25 30  0  9  0  0  0 00
m(L) 55  8  3 35 20  5  9  0  0  0 00
not      0  0  0  0  0  0  0  0  0  0 00
 
Dws/Y~ }
s  
 00 60 01 55 00 12 00 090 15 119 0
energy   0  0  0  0  0  0 99  0  0  0
u    99  0  0  0  0  0  0  0  0  0 00
  90  4  2 25 30  0  9  0  0  0 00
m(L) 55  8  2 35 20  5  9  0  0  0 00
not      0  0  0  0  0  0  0  0  0  0 00
 
_s/Ǐċo } 
_s
 00 70 01 60 00 12 00 080 15 119 0
energy   0  0  0  0  0  0 99  0  0  0
u    99  0  0  0  0  0  0  0  0  0 00
  90  4  3 25 30  0  9  0  0  0 00
m(L) 55  8  2 35 20  5  9  0  0  0 00
not      0  0  0  0  0  0  0  0  0  0 00
 
i f͔s@ 
is
 01 50 01 30 00 12 00 080 15 114 0
energy   0  0  0  0  0  0 99  0  0  0
u    80  9  1 30 25  0  9  0  0  0 00
̓    60  4  2 25 35  0  9  0  0  0 00
m(L) 50  6  1 35 20  4  9  0  0  0 00
not      0  0  0  0  0  0  0  0  0  0 00
 
^ 淚X@
  
 00 75 01 99 00 12 00 080 15 119 0
energy   0  0  0  0  0  0 99  0  0  0
u    99  0  0  0  0  0  0  0  0  0 00
  90  4  4 25 30  0  9  0  0  0 00
m(L) 55  8  4 35 20  5  9  0  0  0 00
m(M) 40  6  3 40 30  0  9  0  0  0 00
